entropy: 0.9721439323621084
error: 0.4020618556701031
