error(train): 0.21523809523809523
error(test): 0.21777777777777776
